4.28571
4.32143
4.40476
4.44643
4.31429
4.21429
4.20408
4.16964
4.07143
4.05
3.42857
4.07143
3.83333
4.07143
4.02857
4.10714
4.09184
4.16071
4.19048
4.17143
4.57143
4.57143
4.47619
4.55357
4.58571
4.67857
4.62245
4.58929
4.54762
4.52857
4.64286
4.46429
4.52381
4.53571
4.4
4.40476
4.35714
4.34821
4.3254
4.34286
4.75
4.1875
4.20833
4.125
4.15
4.1875
4.26786
4.29688
4.33333
4.35
4.85714
4.67857
4.71429
4.66071
4.58571
4.63095
4.58163
4.55357
4.59524
4.52143
4.64286
4.46429
4.42857
4.28571
4.37143
4.39286
4.37755
4.38393
4.3254
4.3
4.57143
4.35714
4.5
4.44643
4.47143
4.53571
4.54082
4.50893
4.49206
4.48571
4.21429
4.57143
4.59524
4.64286
4.57143
4.53571
4.54082
4.52679
4.53968
4.55714
4.35714
4.67857
4.45238
4.53571
4.5
4.44048
4.41837
4.44643
4.46825
4.45
4.4
4.45
4.43333
4.4
4.35
4.275
4.25714
4.21875
4.24444
4.22
4.85
4.6
4.44583
4.5375
4.56
4.42917
4.42679
4.46094
4.46528
4.50125
