4.5
4.39286
4.30952
4.25
4.07143
4.05952
4.02041
3.99107
3.93651
3.98571
4.07143
3.75
3.80952
3.78571
4.07143
3.96429
3.93878
3.70536
3.75397
3.72143
4.21429
4.35714
4.38095
4.44643
4.17143
4.28571
4.28571
4.27679
4.33333
4.33571
4
4.35714
4.5
4.60714
4.41429
4.39286
4.43878
4.40179
4.42857
4.42143
4.25
4.375
4.29167
4.28125
4.175
4.125
4.17857
4.25
4.25
4.1
4.85714
4.5
4.42857
4.48214
4.42857
4.4881
4.54082
4.4375
4.44444
4.39286
4.21429
4.17857
4.19048
4.33929
4.32857
4.2381
4.31633
4.3125
4.26984
4.25
4.78571
4.89286
4.38095
4.375
4.52857
4.36905
4.33673
4.40179
4.43651
4.45
4
4.21429
4.2381
4.35714
4.35714
4.42857
4.5102
4.49107
4.56349
4.6
4.5
4.35714
4.40476
4.21429
4.35714
4.41667
4.46939
4.5
4.52381
4.52857
4.15
4.275
3.88333
3.925
3.93
4.05833
4.12143
4.1
4.14444
4.14
4.75
4.425
4.28333
4.2125
4.2
4.25833
4.28929
4.29688
4.35278
4.3675
